$ANSIBLE_VAULT;1.1;AES256
36643233663039613038353765373939346662333930383838366664373635633631313236653536
3034383239326432313930333036383766373739346635660a653162616530326237666134343133
30626132313962333763366136373961373564356264346332633263666331346433643939386465
6363333963666634610a616432626130306337636136366561323166633635336562366132626139
33656639333339386530623430663535376434346339323636326238616636373463633931353033
37646537353663303634333632633364303831373663643666333735613230653939336136396364
61393036666564396261663331646530306438386631313865366330343036373832386639353338
32376234643435633737343136343333663863303562323035393032333765363662386130313838
63373633303739376461623135306137623733386638356237366138363964653061373066663739
64306162343964346664393533623733313437386163323137643031356165313662396136303362
35373666336662633364653038626533363236323664636530383539646466323263666237383365
33663862623531653364663362333833376333386536643737643632366635653436623133396466
34383835663638653330626265646439353563353335333066363034316462663463633964316231
37303036653961643135303737313664623137336463363239396239343266366531323437343838
35396436383439316163643631383162623639323834353538333636383138326432353637303466
66306132653037313234353039626233376430343262386536353763666636326566373566663837
30616233323366643237326539643666356165393730393465643462646534656436626433636438
35373635383365616531366463643062663761613137313232356531303637346166636364646234
30646337376537376163303338633533343136363966333536313738363861383264663432626464
33623861366566313663656235323765303137376263326236323330316263653333646262663032
35636539383536373931663266626164336138636264663330376339663531396462613435646538
64363830653130353664633236326364353734383165356162336164313537333861653062666562
62333264313264663734346664346432373637373566316462343535633937653932336161303034
32383739646438343063643038303963666562363463626161376538663639643732663933663366
3730
