$ANSIBLE_VAULT;1.1;AES256
30663463323731303439303437326131316136376363366635623939386634376364303164646164
3538393131323666633662336430336562663233306635620a346432303631346466346431386533
37383038333730396462356361326466643864613266663436363539626665643732356332316264
3361346461333765300a616263656432613062616630323334303562343661613434333239396536
63303535353966663562643239663732316432363462633332323338306162663863353163353163
63666636653736373839616435313437333434376633356333623334383737393763323739626130
64363564366438636266666333303530623332393836633462356631336133643261393636663264
32663466666238656238363637623062653562333066613061336633626235363263393736653337
66353831636535346162383762353934306131633430386466393834363937663830393532666563
65373133626461656662386438363136326162613862323537313565333464626465363461326635
39363633393534356264646637613562643238303235383236613938356635353933376564363964
31633036643639613566363934333235353438616565366630653661646361336132646664633237
36366465343065363162633262373533663236393465333564353239643531306338636533393530
34393263663966643966616562663264623765316238386634353661633631633832353262303532
31376631343163303639646163646466656163346435666236343461626666653863636261363831
31646539336463366230323436623161653264616231623831313631363063386534643463363561
36663939363362326536326665653661323266323834623033383030336464376233343638396237
63366136316137663632643334333738383765616162366131623962333563656331656637386533
64633030643433313338303037376139636133353766613339326166373161393035396633346664
65313533356463363436623938386431366338633162386266306435656638623961306263383239
39663664333234376632623137343839323961353836353837666166653434353065303934623234
31613230363734343163303632613466376332666533316362663363326361613134376234633662
37636537326362633634363665616233616532323836303236653230343731626338353936353636
61326635666562653464386636613466633764373463616363383264613436326138633066323930
33306639356635643465643962636363346466626436333531376333363536653833613831623331
37353636653064633037373133323138663137646363643337353338316165653862643364323239
65383666633934316533653064323732306363636666616332333666373439633361373437656564
39666230326334303836653362393563616562323765633464336165356430666237626537633264
62316332663736343435366666623935306234323539626664326164646361646465393138373035
35356330623465313664616434346133323931343365346161646165363432393365636330633263
62376430313736313231396139323538353963623935636666353966613735353535663135343838
66393665306338303038343236623330323633323735313334363162333636383063346630333833
66383034306133353966613633343530376134306361396363383439373237396630396239613335
37353966306532306334376261386466643737353731633732396633306136356539643836353366
37386437643562623632393430303833633737646366386165386337646639623935633730383239
32636563653238383530613935313534343836323630323438336366623562613634383765656232
3834
