$ANSIBLE_VAULT;1.1;AES256
36656137326335356364633765393433626265663432376438353437373365313634636236636332
6165643432653461623363336330646464346630313563630a633533303932656663383730663138
63626637616363663538353531386337323437616264616237373531656265623832646331613939
3638386239336564370a343263393635343632396664633137313638643363383433636461633965
30313762616239636263366666306536303934326331353739623334343734613631323834343035
36616237323863303231633530303331623035326362613037643164356435656630326132626631
34633438383031356534623265653736353630333465373834323930333065386530326165616239
39643437353234313162613937386239373862313864303763353730373837363935383363306232
65316364356564626133346337336133323138356438373735656164626133353739626530623365
36643464343630303163636563363935333536636662373133303263363462376661313236663031
31346266346232613435613030666337386330633332343937313137613437626262306336323139
39386633653863323264336336663239613766366338643533646630373265343964396339636535
30343836666262303337633137316436343433633835376535366561636164376462623337383930
38663534333564636530626131613164353539366232656130306464633766373133343336653937
32666466666132303261303135393963643764316535373536623364353463643666356634343632
61313862333637313130373930363834393039376431323961303230333137313162616539613732
61303837386662643636386265373234393431383334366132396666303631663038643063373639
30653465333566343664646639656461373733303231626535366334386636643261356638656663
63623966363363393863626665393063616131346366653962386365663662316238373539373639
31376338316336643966356562323731333766346666336461653435336265656430326662383235
62613138326166333837643233636430666336623131656230653163623638353733373163643236
37613839363536376562306237363131636230613232306161656433326364663131626265666330
35313532616562316434626331363130303262326663616263353666353565353266616633313239
31323134366261336661636165653038343064646466323130303337653464306539343132616239
31333362633935626133356262633737636631643263396536643032323330643737
