$ANSIBLE_VAULT;1.1;AES256
66303831656265613362353833373431326235316363323833356433636262633738396539376363
6131366262333166373538393733643730373532656133340a366165333033393739346336303262
38633430356339623330303334376437643535333938636331386530323335326535633966353331
3134326561653639620a306263366439333335326236313637616562363139636263636461623036
63326133613632313834356338376135653133386662616632303362313438623663663563303462
31336636646333616130666436313534626238633034396138336433666264303863346530363739
37613231316462383435333233356633386466343236313666323331623364373730643864343938
39626133333264363232393064663134356635366466396663653039333739313734356238643436
64393563643031666138653532313438343063393930323834333734656131626164373438383736
36373363633461613135663631343733633764646163303437373663626333316164636461363563
39363561663238326362396633653636656637623735346465356230396439306130636433386433
39663930303831613933306130373335353362643235396263353933613265613130663963653233
34353531636330613364313731616635316463616335353062356166343238376137336165343361
36613839653735306662633930376537633265643161313965656431383162623337363262643164
61623265303034653362373262303834333966616434643436376161396632653163383863376466
37616136323832316333663166306131373665383333653563383936313961313634636530633561
38383537336430386261653132646665666466633461633662326364613838333831396338616164
64653863356236366562336461646562343033343761336363633131356265326230396434316364
32343535373037623638643636613366323562356436373836373733313163336338306166376534
32356265393066393362306164313161343965363035396638323564616135666166326163366137
61343433393734616138383438633037313534353061383134383765316134653136323661353233
30373939383231616537343733303265393736373137346162623531643039636161373036633665
32326634636636656336636639623166646461313937383831333234653764323338326461303164
64363531663331363965343530313837623365653533643630376133366332646334656334636365
61393132356436383233383734646663613331623733316666626431616665373731333162333936
64656131353265343236306133666536616237313465316430356136393332316335316339376633
33353065633162363732616232613766646234623738363634306264633561333533333030313930
36633238613539613135646662376234373737636466326632396664386635383935656463643134
30373561356135623261313536376464386430383638333261346162393730393262613166643237
65366533326239663865653435613166306537353363633434393838373334623531343833613062
38666433393931626161323536643763326132363338346338396332323732353061663337636332
63323432613837313365313134386637643665613139626530343931333437383430373036343037
65663138336631633939333835323563616537613865376164653835393764396435336664626438
30316338663665333062383963323331373463343832336231643564346138343533613635393262
30363365363763623436643131326434636231633164636636646232346430356133303936346439
30623561643231656436633264613236383065303766333563656133666663616464393432633637
39383034653033336438393832316639396561663263333632613035653663383263
